%time,field.data
1439944279680825948,    3     9  1045   401  -220   -70   -63    52  -635

1439944279721426963,   -1     7  1042   381  -233   -70   -64    49  -637

1439944279761604070,    1     9  1037   384  -234   -74   -66    47  -640

1439944279801151990,    6     6  1047   395  -233   -70   -67    45  -642

1439944279841871976,    0     8  1037   389  -236   -67   -68    43  -642

1439944279881474971,    2     8  1047   393  -229   -68   -70    41  -643

1439944279920430898,    5     6  1041   392  -236   -65   -70    40  -642

1439944279960398912,    0     8  1045   392  -235   -71   -71    41  -642

1439944280000457048,    4    11  1041   390  -228   -76   -70    41  -644

1439944280040563106,    5     9  1044   390  -233   -73   -64    54  -630

1439944280081412076,    2    11  1041   385  -231   -75   -63    57  -629

1439944280121267080,    5    12  1045   385  -234   -70   -63    56  -628

1439944280161258935,    2     9  1042   396  -226   -77   -63    58  -624

1439944280201771020,    5     9  1049   386  -228   -74   -62    61  -623

1439944280241832017,    2    11  1044   402  -236   -75   -61    61  -621

1439944280281502008,    5     9  1043   389  -245   -73   -60    63  -618

1439944280321630954,    4     9  1037   400  -216   -72   -58    66  -618

1439944280361316919,    2     9  1042   387  -228   -68   -57    68  -620

1439944280401702880,    1     9  1039   393  -237   -66   -57    66  -622

1439944280441092014,    3     8  1043   393  -239   -72   -57    66  -622

1439944280481650114,   -1    10  1041   386  -229   -71   -58    64  -623

1439944280521322965,    3    10  1044   390  -228   -76   -57    62  -626

1439944280561373949,    3     8  1043   390  -230   -70   -60    61  -630

1439944280601799964,    1     8  1041   392  -226   -77   -61    58  -632

1439944280641169071,    2    10  1042   398  -232   -74   -62    52  -636

1439944280681556940,    5     8  1044   401  -226   -61   -65    49  -637

1439944280721405982,   -1     9  1046   393  -227   -67   -65    47  -640

1439944280761348009,    3     8  1036   373  -233   -70   -67    44  -641

1439944280801023006,    0     8  1041   393  -229   -76   -68    43  -642

1439944280841053009,    2     6  1040   390  -222   -72   -70    41  -643

1439944280881017923,    0     9  1040   394  -233   -73   -71    41  -643

1439944280921004056,   -3     9  1039   382  -241   -76   -70    40  -644

1439944280961357116,    1     7  1041   389  -241   -70   -64    53  -629

1439944281001929044,    2     9  1040   397  -225   -64   -64    54  -629

1439944281041105031,    3     8  1043   393  -234   -68   -63    55  -627

1439944281081775903,    1     8  1047   389  -231   -68   -63    56  -627

1439944281121515035,    1     8  1039   392  -235   -67   -62    57  -625

1439944281161391019,    0     8  1042   391  -236   -71   -62    59  -622

1439944281201441049,    2    10  1042   397  -224   -66   -61    61  -622

1439944281241415977,    2     9  1043   388  -229   -76   -60    64  -619

1439944281281542062,    3    10  1042   406  -219   -69   -59    66  -619

1439944281321458101,    4     9  1051   395  -228   -75   -57    67  -620

1439944281361414909,    5    10  1042   392  -235   -67   -57    67  -622

1439944281401513099,    2    11  1042   388  -229   -64   -56    66  -622

1439944281441592931,    3     8  1043   397  -237   -70   -58    64  -622

1439944281481980085,    5     9  1042   385  -226   -76   -58    63  -626

1439944281521368026,    3    10  1044   389  -224   -65   -59    61  -630

1439944281561738014,    4     9  1045   400  -232   -65   -60    58  -632

1439944281602071046,    3     8  1047   389  -233   -68   -62    52  -635

1439944281641237020,    3    11  1046   403  -227   -77   -64    50  -639

1439944281682764053,    5     9  1044   398  -225   -65   -65    48  -639

1439944281721290111,    5     9  1043   402  -217   -76   -67    44  -641

1439944281760493040,    4    11  1045   400  -235   -66   -69    43  -642

1439944281800374984,    3     9  1042   399  -230   -67   -70    42  -640

1439944281840612888,    5    10  1044   388  -226   -76   -69    41  -642

1439944281881571054,    4    11  1043   381  -231   -75   -65    54  -632

1439944281921448945,    4     9  1044   402  -237   -65   -66    54  -630

1439944281961471080,    4     8  1041   390  -229   -68   -65    53  -630

1439944282001386880,    4    10  1042   386  -230   -70   -64    56  -629

1439944282041290998,    6     9  1048   389  -241   -78   -64    57  -628

1439944282081626892,    5     9  1040   393  -218   -75   -63    59  -625

1439944282121551036,    5    11  1043   381  -243   -78   -62    58  -625

1439944282161428928,    3    11  1042   380  -231   -74   -61    61  -620

1439944282201581954,    5    10  1043   395  -229   -74   -60    64  -620

1439944282241612911,    3    10  1043   387  -232   -72   -58    66  -618

1439944282281558036,    2    10  1042   381  -240   -73   -58    67  -619

1439944282321954011,    5    11  1043   396  -228   -68   -57    66  -621

1439944282361239910,    3     9  1043   394  -230   -66   -57    66  -622

1439944282401459932,    5     9  1045   386  -239   -77   -58    64  -623

1439944282440980911,    2     9  1040   387  -234   -69   -58    64  -624

1439944282481746912,    2     7  1039   389  -230   -80   -59    61  -630

1439944282521596908,    2     9  1039   383  -231   -76   -61    58  -633

1439944282561733007,    2     8  1044   392  -233   -66   -61    54  -636

1439944282602349996,    4     8  1045   396  -230   -75   -64    49  -637

1439944282641623020,    2     9  1037   398  -226   -66   -65    47  -639

1439944282681991100,    3     9  1043   376  -234   -72   -66    44  -641

1439944282722206115,    4     8  1041   406  -230   -78   -69    44  -642

1439944282761642932,    4     9  1042   398  -236   -72   -69    42  -643

1439944282801657915,    3    10  1045   383  -230   -65   -66    53  -632

1439944282841583967,    3     8  1040   396  -220   -69   -65    54  -631

1439944282882040977,    4    10  1044   393  -239   -75   -64    53  -629

1439944282920461893,    4    11  1041   397  -234   -70   -64    53  -630

1439944282960319042,    4     8  1045   392  -221   -73   -64    55  -628

1439944283000283956,    2     8  1040   394  -232   -71   -63    58  -627

1439944283041143894,    1     9  1042   387  -233   -74   -62    59  -625

1439944283081507921,    2     9  1042   378  -241   -67   -62    60  -623

1439944283121432065,    3    11  1039   392  -235   -74   -62    62  -621

1439944283161403894,    1     8  1047   391  -233   -68   -60    64  -619

1439944283201495885,    4     9  1043   388  -224   -73   -59    66  -619

1439944283241703033,    3    10  1039   401  -232   -68   -57    67  -619

1439944283282183885,    1     9  1042   402  -236   -77   -56    67  -620

1439944283321629047,    5     9  1043   397  -232   -74   -56    66  -622

1439944283362315893,    2     9  1041   383  -221   -70   -57    64  -623

1439944283401583909,   -1     8  1044   394  -233   -76   -58    62  -626

1439944283441431999,    2     9  1038   393  -224   -73   -59    61  -629

1439944283481559991,    2     7  1038   374  -249   -71   -60    58  -633

1439944283520540952,   -1     8  1039   383  -235   -73   -62    54  -635

1439944283560301065,    2     8  1036   398  -238   -76   -63    52  -639

1439944283600537061,    4     9  1043   386  -231   -62   -66    47  -640

1439944283640527009,    4    13  1043   400  -232   -73   -67    44  -640

1439944283681380987,    3     9  1043   393  -228   -80   -68    44  -642

1439944283720550060,    3     9  1042   387  -235   -74   -66    52  -632

1439944283760482072,    1     8  1043   374  -223   -72   -64    52  -632

1439944283800412893,    2     9  1041   395  -238   -79   -65    53  -630

1439944283840481042,    2    10  1041   388  -221   -74   -64    54  -631

1439944283880614042,    1     8  1040   389  -234   -69   -64    54  -629

1439944283921016931,    5     8  1040   384  -245   -83   -64    55  -628

1439944283961750030,    0     7  1041   394  -232   -73   -64    56  -627

1439944284000524044,    4     9  1042   385  -225   -60   -63    59  -626

1439944284040786981,    5     9  1043   390  -227   -67   -62    60  -624

1439944284080581903,    2    11  1045   393  -237   -67   -61    61  -622

1439944284120400905,    4     9  1043   384  -228   -74   -60    64  -620

1439944284160276889,    2    11  1042   390  -237   -76   -59    66  -618

1439944284200356006,    2     9  1042   396  -238   -71   -58    68  -619

1439944284240530967,    4    10  1042   399  -227   -73   -57    67  -620

1439944284281620979,   -2     8  1039   387  -232   -73   -57    66  -621

1439944284321865081,    3    10  1041   391  -242   -77   -57    65  -624

1439944284361689090,    4     9  1042   391  -226   -81   -58    64  -625

1439944284402127027,    2     8  1040   392  -230   -75   -58    60  -628

1439944284441677093,    6     9  1039   393  -230   -67   -59    57  -632

1439944284481684923,    3    11  1042   400  -242   -77   -61    54  -636

1439944284522001981,    3     9  1040   388  -232   -73   -63    50  -639

1439944284561314105,    0     9  1039   409  -236   -72   -65    47  -640

1439944284601897001,    2     8  1040   400  -230   -72   -67    44  -642

1439944284641437053,    2     6  1047   398  -229   -74   -67    51  -632

1439944284681412935,   -1     7  1041   377  -244   -81   -66    52  -633

1439944284721587896,    3     8  1043   397  -224   -72   -64    52  -631

1439944284761801958,    4     8  1042   399  -233   -78   -66    52  -631

1439944284802004098,    0    10  1043   396  -231   -73   -64    52  -630

1439944284841638088,    3     7  1042   390  -241   -73   -63    56  -628

1439944284881673097,    3     9  1043   381  -235   -77   -64    56  -629

1439944284921996116,    2     8  1043   394  -245   -76   -64    57  -625

1439944284961239099,    5     8  1041   400  -229   -63   -63    59  -626

1439944285001687049,    4     9  1037   393  -231   -72   -61    61  -622

1439944285041173934,    3     9  1041   381  -228   -70   -60    63  -621

1439944285081485033,    3    10  1042   400  -223   -77   -61    65  -619

1439944285121754884,    2    11  1045   397  -231   -74   -59    67  -619

1439944285161777019,    5     9  1041   398  -235   -71   -57    67  -620

1439944285201445102,    2    10  1044   397  -235   -71   -57    67  -622

1439944285241499900,    4    10  1042   406  -222   -76   -57    65  -622

1439944285281544923,    3    10  1046   397  -222   -69   -58    65  -624

1439944285322307109,    5     8  1041   397  -224   -67   -59    62  -627

1439944285361426115,    5     8  1042   397  -227   -73   -60    60  -630

1439944285401223897,    2     8  1041   397  -230   -66   -61    56  -634

1439944285441622972,   -1     7  1043   398  -229   -75   -62    52  -637

1439944285481625080,    1     8  1038   402  -232   -69   -64    49  -638

1439944285521718025,    1     8  1041   398  -240   -80   -66    47  -641

1439944285561501026,    1     8  1042   397  -235   -73   -68    49  -632

1439944285602408885,    1     9  1042   392  -231   -71   -66    51  -632

1439944285641736984,    2     9  1048   385  -227   -69   -66    52  -633

1439944285681485891,    2     7  1044   400  -228   -72   -65    53  -632

1439944285721580028,    1     8  1040   395  -230   -64   -64    53  -630

1439944285761513948,    1     9  1045   388  -235   -65   -64    54  -630

1439944285801386117,    4     8  1041   388  -235   -68   -64    54  -630

1439944285841443061,    2    10  1043   391  -242   -79   -64    57  -628

1439944285881304025,    1     9  1042   381  -235   -74   -62    56  -626

1439944285920511960,    4    10  1044   390  -229   -76   -62    58  -624

1439944285960311889,    3    10  1039   399  -224   -72   -61    60  -623

1439944286000421047,    4     8  1042   396  -225   -70   -60    63  -620

1439944286040411949,    4     9  1043   388  -228   -70   -60    66  -618

1439944286081448078,    3     9  1043   386  -230   -68   -58    66  -619

1439944286122859954,    5     8  1046   403  -228   -77   -57    67  -620

1439944286162003993,   -3     9  1039   396  -223   -68   -57    65  -622

1439944286201308012,   -2     7  1042   397  -241   -70   -57    64  -621

1439944286241486072,    5     7  1037   393  -221   -72   -57    63  -625

1439944286281949996,    3     9  1040   402  -228   -74   -58    62  -628

1439944286321522951,    3     8  1041   390  -229   -80   -60    59  -632

1439944286361598968,    4     8  1044   403  -229   -68   -61    55  -635

1439944286401351928,    4     8  1043   398  -221   -70   -63    51  -637

1439944286441418886,    3     8  1039   407  -232   -72   -65    47  -639

1439944286481719017,    3     7  1039   386  -223   -65   -68    49  -634

1439944286521403074,    3     8  1040   395  -231   -73   -67    50  -634

1439944286561301946,    2    10  1041   399  -225   -77   -66    52  -632

1439944286601759910,    3    10  1043   394  -239   -70   -65    52  -631

1439944286641196012,   -1     7  1042   395  -222   -78   -65    53  -630

1439944286681374073,    5     7  1042   386  -221   -72   -64    53  -631

1439944286721441984,    2     7  1043   393  -243   -72   -64    54  -629

1439944286761401891,    2     9  1042   377  -236   -73   -64    55  -628

1439944286801537990,    3     8  1044   391  -237   -71   -63    56  -627

1439944286841496944,    4     8  1041   388  -234   -71   -63    57  -625

1439944286880954980,    1    10  1038   371  -231   -68   -63    59  -624

1439944286921340942,    4    10  1041   393  -232   -77   -61    62  -620

1439944286961476087,    4    10  1044   386  -242   -76   -60    64  -620

1439944287001492977,    2    10  1048   377  -243   -73   -59    67  -619

1439944287040496110,    4     9  1043   387  -236   -71   -57    67  -620

1439944287080671072,    3     9  1041   390  -230   -72   -57    66  -620

1439944287120611906,    5     8  1041   388  -234   -67   -57    65  -623

1439944287160446882,    3     8  1045   394  -230   -67   -58    64  -623

1439944287201312065,    2     8  1040   397  -220   -64   -58    62  -626

1439944287240912914,    0     8  1043   415  -236   -68   -59    61  -630

1439944287280998945,    2    10  1040   391  -231   -71   -60    56  -634

1439944287320926904,    3     8  1041   372  -233   -71   -61    52  -636

1439944287361448049,    2     8  1042   383  -230   -71   -64    50  -638

1439944287401417970,    2    10  1042   386  -222   -72   -69    47  -635

1439944287441560029,    0     8  1040   390  -237   -72   -69    49  -634

1439944287481528043,    4     9  1042   397  -233   -74   -66    51  -633

1439944287521543979,    3     9  1045   397  -220   -74   -65    52  -632

1439944287561544895,    1    10  1044   384  -227   -72   -65    53  -631

1439944287601808071,    4    11  1041   397  -224   -65   -65    53  -631

1439944287641395092,    3     8  1044   397  -228   -66   -64    53  -629

1439944287681253910,    6    10  1038   378  -232   -74   -64    54  -628

1439944287720568895,    3    10  1040   395  -229   -66   -63    55  -626

1439944287760531902,    0     6  1039   394  -246   -76   -64    58  -626

1439944287800344944,    4     8  1045   387  -234   -72   -63    59  -623

1439944287840486049,    3    12  1043   396  -224   -77   -62    61  -622

1439944287881203889,    2    10  1041   392  -231   -74   -61    62  -620

1439944287921530961,    3     8  1046   383  -230   -72   -59    65  -619

1439944287960999011,    1    10  1043   396  -232   -70   -58    69  -619

1439944288001192092,    3    10  1041   402  -230   -72   -58    67  -620

1439944288041604042,    4     9  1044   374  -230   -74   -57    67  -622

1439944288081557035,    4     8  1046   392  -234   -75   -57    66  -623

1439944288121813058,    2     9  1030   389  -235   -80   -58    64  -624

1439944288161216974,   -2     6  1038   381  -242   -71   -58    61  -628

1439944288201689958,   -2     8  1039   397  -229   -67   -59    59  -631

1439944288241461038,    3     8  1041   386  -247   -74   -61    55  -634

1439944288281929016,    2     9  1040   403  -229   -67   -62    51  -636

1439944288321373939,    4     8  1042   379  -229   -75   -71    46  -635

1439944288361617088,    3     7  1041   389  -231   -74   -69    48  -635

1439944288401799917,    5    11  1041   385  -235   -75   -67    50  -633

1439944288441385984,    5     9  1042   394  -225   -67   -66    52  -633

1439944288481456995,    4    10  1043   398  -230   -83   -65    54  -631

1439944288521867036,    5     7  1042   399  -223   -74   -65    52  -632

1439944288561237096,    2     8  1041   378  -229   -69   -65    54  -631

1439944288602057933,    2     8  1043   387  -228   -78   -64    53  -630

1439944288641480922,    3    10  1043   401  -227   -68   -63    55  -628

1439944288681051969,    2     9  1042   379  -230   -70   -64    55  -627

1439944288722055912,    1     9  1043   382  -235   -74   -62    57  -625

1439944288761981964,    2     9  1042   388  -234   -75   -62    60  -623

1439944288801629066,    2     8  1042   399  -235   -70   -61    61  -621

1439944288841521978,    1     8  1040   396  -239   -73   -60    64  -619

1439944288881370067,    5     7  1038   392  -236   -69   -58    66  -619

1439944288920618057,    3    11  1043   397  -227   -68   -58    67  -620

1439944288960237026,    5    10  1042   393  -218   -70   -57    67  -621

1439944289000433921,    3     8  1037   388  -240   -72   -56    66  -622

1439944289041615009,    0     8  1042   392  -233   -74   -58    65  -624

1439944289081563949,    0     9  1040   386  -231   -64   -58    62  -627

1439944289121613979,    3     9  1037   383  -239   -71   -59    61  -630

1439944289161417961,    0     9  1040   395  -230   -77   -60    57  -633

1439944289201736927,    2     8  1048   388  -231   -73   -74    41  -638

1439944289241591930,    5     9  1044   406  -220   -75   -72    45  -636

1439944289281456947,    4     7  1044   389  -231   -70   -69    48  -634

1439944289321908950,    3     9  1041   383  -224   -75   -68    49  -633

1439944289361783981,    4    10  1042   396  -231   -78   -67    51  -633

1439944289401679039,    7    10  1046   397  -235   -71   -65    52  -631

1439944289441584110,    3     9  1042   385  -237   -75   -65    54  -632

1439944289481524944,    3     7  1043   400  -235   -75   -64    53  -631

1439944289522141933,    0     8  1043   375  -248   -77   -64    54  -630

1439944289561708927,    1     8  1043   393  -224   -75   -65    54  -629

1439944289602307081,   -1     9  1041   388  -217   -67   -64    56  -629

1439944289642002105,    4     7  1043   395  -239   -71   -63    57  -627

1439944289681613922,    4     8  1043   385  -219   -70   -62    58  -624

1439944289721514940,    4    11  1041   386  -237   -73   -62    60  -623

1439944289761217117,   -2     9  1042   389  -235   -74   -61    62  -621

1439944289801162958,    4     9  1042   390  -239   -76   -59    64  -619

1439944289841200113,    5     7  1045   391  -239   -76   -59    66  -618

1439944289881217002,    3     9  1039   409  -222   -78   -58    68  -619

1439944289921684980,    3     7  1038   391  -225   -79   -56    66  -621

1439944289961764097,    1    10  1044   386  -237   -72   -57    67  -621

1439944290001127958,    2     7  1044   380  -227   -72   -57    65  -624

1439944290041253089,    1    10  1041   385  -236   -78   -58    63  -625

1439944290081679105,    4     8  1042   401  -233   -64   -59    59  -630

1439944290121977090,    3     8  1042   383  -234   -70   -59    57  -634

1439944290162018060,    4     8  1044   393  -232   -71   -73    40  -638

1439944290202085971,    5     9  1042   379  -225   -71   -72    44  -637

1439944290241218090,    4    10  1039   374  -244   -63   -69    48  -635

1439944290281312942,    2    10  1043   399  -227   -71   -68    49  -633

1439944290321501016,    4    11  1047   385  -231   -72   -67    50  -631

1439944290361551046,    5    10  1047   392  -224   -70   -66    52  -632

1439944290401424884,    3     8  1045   399  -244   -71   -65    53  -631

1439944290441426038,    5    10  1042   397  -232   -67   -64    54  -631

1439944290481504917,    2    10  1043   397  -236   -77   -64    53  -630

1439944290521246910,    4    10  1041   388  -232   -74   -63    55  -630

1439944290561218976,    3    10  1040   395  -228   -73   -64    55  -630

1439944290601716041,    1     8  1044   376  -234   -70   -63    57  -626

1439944290641282081,    1     9  1045   399  -225   -76   -63    58  -624

1439944290681382894,    2     7  1041   384  -233   -71   -61    60  -623

1439944290721611976,    0     8  1045   401  -224   -66   -61    62  -621

1439944290762073993,   -2     6  1042   396  -224   -67   -59    64  -619

1439944290801847934,    1     6  1045   388  -233   -73   -58    66  -617

1439944290841974973,    3     9  1035   385  -221   -74   -58    67  -619

